67.5	28.125	78.75	22.5	#FFEDA0
67.5	33.75	78.75	28.125	#FFEDA0
56.25	33.75	67.5	28.125	#FFEDA0
56.25	28.125	67.5	22.5	#FFEDA0
45	28.125	56.25	22.5	#FFEDA0
45	33.75	56.25	28.125	#FFEDA0
56.25	45	67.5	39.375	#FFEDA0
45	39.375	56.25	33.75	#FFEDA0
67.5	16.875	78.75	11.25	#FFEDA0
67.5	22.5	78.75	16.875	#FFEDA0
56.25	11.25	67.5	5.625	#FFEDA0
56.25	5.625	67.5	0	#FFEDA0
45	5.625	56.25	0	#FFEDA0
45	11.25	56.25	5.625	#FFEDA0
56.25	22.5	67.5	16.875	#FFEDA0
56.25	16.875	67.5	11.25	#FFEDA0
45	16.875	56.25	11.25	#FFEDA0
45	22.5	56.25	16.875	#FFEDA0
33.75	22.5	45	16.875	#FFEDA0
33.75	16.875	45	11.25	#FFEDA0
33.75	11.25	45	5.625	#FFEDA0
33.75	5.625	45	0	#FFEDA0
0	5.625	11.25	0	#FFEDA0
0	11.25	11.25	5.625	#FFEDA0
33.75	45	45	39.375	#FFEDA0
33.75	39.375	45	33.75	#FFEDA0
22.5	39.375	33.75	33.75	#FFEDA0
22.5	45	33.75	39.375	#FFEDA0
33.75	33.75	45	28.125	#FFEDA0
33.75	28.125	45	22.5	#FFEDA0
22.5	33.75	33.75	28.125	#FFEDA0
11.25	28.125	22.5	22.5	#FFEDA0
0	33.75	11.25	28.125	#FFEDA0
11.25	45	22.5	39.375	#FFEDA0
11.25	39.375	22.5	33.75	#FFEDA0
0	39.375	11.25	33.75	#FFEDA0
45	84.375	56.25	78.75	#FFEDA0
45	90	56.25	84.375	#FFEDA0
56.25	50.625	67.5	45	#FFEDA0
45	50.625	56.25	45	#FFEDA0
45	61.875	56.25	56.25	#FFEDA0
45	67.5	56.25	61.875	#FFEDA0
33.75	61.875	45	56.25	#FFEDA0
22.5	67.5	33.75	61.875	#FFEDA0
33.75	56.25	45	50.625	#FFEDA0
33.75	50.625	45	45	#FFEDA0
22.5	50.625	33.75	45	#FFEDA0
22.5	56.25	33.75	50.625	#FFEDA0
0	50.625	11.25	45	#FFEDA0
22.5	84.375	33.75	78.75	#FFEDA0
22.5	90	33.75	84.375	#FFEDA0
33.75	78.75	45	73.125	#FFEDA0
33.75	73.125	45	67.5	#FFEDA0
22.5	73.125	33.75	67.5	#FFEDA0
22.5	78.75	33.75	73.125	#FFEDA0
11.25	78.75	22.5	73.125	#FFEDA0
11.25	73.125	22.5	67.5	#FFEDA0
0	73.125	11.25	67.5	#FFEDA0
0	78.75	11.25	73.125	#FFEDA0
11.25	84.375	22.5	78.75	#FFEDA0
0	84.375	11.25	78.75	#FFEDA0
45	-61.875	56.25	-67.5	#FFEDA0
45	-50.625	56.25	-56.25	#FFEDA0
45	-84.375	56.25	-90	#FFEDA0
45	-78.75	56.25	-84.375	#FFEDA0
45	-73.125	56.25	-78.75	#FFEDA0
45	-67.5	56.25	-73.125	#FFEDA0
33.75	-67.5	45	-73.125	#FED976
33.75	-73.125	45	-78.75	#800026
22.5	-73.125	33.75	-78.75	#FFEDA0
33.75	-78.75	45	-84.375	#FD8D3C
33.75	-84.375	45	-90	#FEB24C
22.5	-84.375	33.75	-90	#FFEDA0
22.5	-78.75	33.75	-84.375	#FED976
11.25	-78.75	22.5	-84.375	#FFEDA0
11.25	-84.375	22.5	-90	#FFEDA0
0	-84.375	11.25	-90	#FFEDA0
0	-78.75	11.25	-84.375	#FFEDA0
11.25	-67.5	22.5	-73.125	#FFEDA0
11.25	-73.125	22.5	-78.75	#FFEDA0
0	-73.125	11.25	-78.75	#FFEDA0
0	-67.5	11.25	-73.125	#FFEDA0
33.75	-61.875	45	-67.5	#FFEDA0
22.5	-61.875	33.75	-67.5	#FFEDA0
22.5	-56.25	33.75	-61.875	#FFEDA0
11.25	-56.25	22.5	-61.875	#FFEDA0
11.25	-61.875	22.5	-67.5	#FFEDA0
0	-61.875	11.25	-67.5	#FFEDA0
0	-56.25	11.25	-61.875	#FFEDA0
0	-50.625	11.25	-56.25	#FFEDA0
56.25	-16.875	67.5	-22.5	#FFEDA0
56.25	0	67.5	-5.625	#FFEDA0
56.25	-5.625	67.5	-11.25	#FFEDA0
45	-5.625	56.25	-11.25	#FFEDA0
45	0	56.25	-5.625	#FED976
67.5	-39.375	78.75	-45	#FFEDA0
56.25	-22.5	67.5	-28.125	#FFEDA0
33.75	0	45	-5.625	#FFEDA0
33.75	-5.625	45	-11.25	#FFEDA0
22.5	-5.625	33.75	-11.25	#FFEDA0
22.5	0	33.75	-5.625	#FFEDA0
22.5	-11.25	33.75	-16.875	#FFEDA0
11.25	-11.25	22.5	-16.875	#FFEDA0
11.25	-16.875	22.5	-22.5	#FFEDA0
11.25	0	22.5	-5.625	#FFEDA0
0	-5.625	11.25	-11.25	#FFEDA0
0	0	11.25	-5.625	#FFEDA0
-11.25	0	0	-5.625	#FFEDA0
-22.5	-33.75	-11.25	-39.375	#FFEDA0
-33.75	-39.375	-22.5	-45	#FFEDA0
-78.75	-39.375	-67.5	-45	#FFEDA0
-78.75	0	-67.5	-5.625	#FFEDA0
-11.25	-50.625	0	-56.25	#FFEDA0
-22.5	-50.625	-11.25	-56.25	#FFEDA0
-11.25	-61.875	0	-67.5	#FFEDA0
-22.5	-61.875	-11.25	-67.5	#FFEDA0
-22.5	-56.25	-11.25	-61.875	#FFEDA0
-33.75	-56.25	-22.5	-61.875	#FFEDA0
-33.75	-61.875	-22.5	-67.5	#FFEDA0
-45	-61.875	-33.75	-67.5	#FFEDA0
-45	-56.25	-33.75	-61.875	#FFEDA0
-33.75	-45	-22.5	-50.625	#FFEDA0
-33.75	-50.625	-22.5	-56.25	#FFEDA0
-45	-50.625	-33.75	-56.25	#FFEDA0
-11.25	-73.125	0	-78.75	#FFEDA0
-22.5	-73.125	-11.25	-78.75	#FFEDA0
-22.5	-67.5	-11.25	-73.125	#FFEDA0
-11.25	-78.75	0	-84.375	#FFEDA0
-33.75	-67.5	-22.5	-73.125	#FFEDA0
-56.25	-67.5	-45	-73.125	#FFEDA0
-22.5	61.875	-11.25	56.25	#FFEDA0
-22.5	50.625	-11.25	45	#FFEDA0
-11.25	45	0	39.375	#FFEDA0
-11.25	39.375	0	33.75	#FFEDA0
-11.25	33.75	0	28.125	#FFEDA0
-22.5	33.75	-11.25	28.125	#FFEDA0
-33.75	33.75	-22.5	28.125	#FFEDA0
-33.75	28.125	-22.5	22.5	#FFEDA0
-11.25	22.5	0	16.875	#FFEDA0
-11.25	16.875	0	11.25	#FFEDA0
-22.5	22.5	-11.25	16.875	#FFEDA0
-33.75	16.875	-22.5	11.25	#FFEDA0
-45	22.5	-33.75	16.875	#FFEDA0
-90	5.625	-78.75	0	#FFEDA0
-90	28.125	-78.75	22.5	#FFEDA0
-78.75	39.375	-67.5	33.75	#FFEDA0
-101.25	39.375	-90	33.75	#FFEDA0
